  13
  21  74   3              3505099           171.986801          -43.184200  7.000000
  69  26   4          2013p544960           174.299194          -41.450298 10.000000
  62  35   3          2013p616691           173.992294          -41.779301  6.000000
  71  27   6          2013p666224           174.423492          -41.500301 18.000000
   7  71   3          2015p013973           171.285797          -43.062801  8.000000
  42  48   4          2016p198476           173.048203          -42.263599 11.000000
  46  52   4          2016p859270           173.214096          -42.391201 11.000000
  54  45   2          2016p859929           173.595398          -42.155300  5.000000
  42  67   2          2016p882187           173.010803          -42.953098  4.000000
  36  60   3          2017p113098           172.722504          -42.677898  8.000000
  38  62   4          2017p135277           172.829407          -42.756802 11.000000
  15  72   3          2017p144774           171.695297          -43.130600  8.000000
  43  67   3          2017p161601           173.094894          -42.960098  6.000000
