  10
  31   8                  QRZ           172.506500          -40.822810
  49  19                  NNZ           173.362610          -41.219300
  78  21                  WEL           174.749450          -41.279680
  17  34                  DSZ           171.823530          -41.751510
  39  34                  THZ           172.883150          -41.758380
  53  52                  KHZ           173.562190          -42.404430
  10  61                  INZ           171.444100          -42.724500
  27  63                  LTZ           172.291950          -42.797790
  42  68                  GVZ           173.026250          -42.980270
  22  78                  OXZ           172.037990          -43.334700
